	
11.	-13.860000000000007
11.1	-13.860000000000007
11.2	-13.860000000000007
11.3	-13.89999999999998
11.4	-13.89999999999998
11.5	-13.89999999999998
11.6	-13.89999999999998
11.7	-13.89999999999998
11.8	-13.89999999999998
11.9	-13.950000000000006
12.	-13.950000000000006
12.1	-13.950000000000006
12.2	-13.950000000000006
12.3	-13.950000000000006
12.4	-13.950000000000006
12.5	-13.950000000000006
12.6	-13.950000000000006
12.7	-13.950000000000006
12.8	-13.950000000000006
12.9	-13.950000000000006
13.	-13.950000000000006
13.1	-13.950000000000006
13.2	-13.950000000000006
13.3	-13.950000000000006
13.4	-13.99999999999998
13.5	-13.99999999999998
13.6	-13.99999999999998
13.7	-13.99999999999998
13.8	-13.99999999999998
13.9	-14.040000000000006
14.	-14.040000000000006
14.1	-14.040000000000006
14.2	-14.040000000000006
14.3	-14.080000000000041
14.4	-14.09999999999998
14.5	-14.09999999999998
14.6	-14.09999999999998
14.7	-14.09999999999998
14.8	-14.09999999999998
14.9	-14.09999999999998
15.	-14.09999999999998
15.100000000000001	-14.09999999999998
15.2	-14.09999999999998
15.3	-14.09999999999998
15.4	-14.09999999999998
15.5	-14.130000000000006
15.600000000000001	-14.09999999999998
15.7	-14.09999999999998
15.8	-14.09999999999998
15.9	-14.09999999999998
16.	-14.080000000000041
16.1	-14.09999999999998
16.2	-14.09999999999998
16.3	-14.09999999999998
16.4	-14.09999999999998
16.5	-14.09999999999998
16.6	-14.130000000000006
16.7	-14.130000000000006
16.8	-14.130000000000006
16.9	-14.160000000000041
17.	-14.160000000000041
17.1	-14.160000000000041
17.2	-14.19999999999998
17.3	-14.19999999999998
17.4	-14.19999999999998
17.5	-14.19999999999998
17.6	-14.19999999999998
17.7	-14.220000000000006
17.8	-14.220000000000006
17.9	-14.220000000000006
18.	-14.240000000000041
18.1	-14.240000000000041
18.2	-14.280000000000028
18.3	-14.289999999999985
18.4	-14.29999999999998
18.5	-14.29999999999998
18.6	-14.29999999999998
18.7	-14.29999999999998
18.8	-14.29999999999998
18.9	-14.310000000000006
19.	-14.320000000000041
19.1	-14.320000000000041
19.200000000000003	-14.320000000000041
19.3	-14.359999999999985
19.4	-14.359999999999985
19.5	-14.359999999999985
19.6	-14.359999999999985
19.700000000000003	-14.359999999999985
19.8	-14.359999999999985
19.9	-14.359999999999985
20.	-14.399999999999979
20.1	-14.399999999999979
20.200000000000003	-14.399999999999979
20.3	-14.399999999999979
20.4	-14.399999999999979
20.5	-14.399999999999979
20.6	-14.359999999999985
20.700000000000003	-14.359999999999985
20.8	-14.310000000000006
20.9	-14.29999999999998
21.	-14.29999999999998
21.1	-14.280000000000028
21.200000000000003	-14.240000000000041
21.3	-14.240000000000041
21.4	-14.220000000000006
21.5	-14.19999999999998
21.6	-14.19999999999998
21.700000000000003	-14.189999999999964
21.8	-14.160000000000041
21.9	-14.160000000000041
22.	-14.149999999999984
22.1	-14.160000000000041
22.200000000000003	-14.160000000000041
22.3	-14.160000000000041
22.4	-14.160000000000041
22.5	-14.160000000000041
22.6	-14.160000000000041
22.700000000000003	-14.160000000000041
22.8	-14.180000000000081
22.9	-14.189999999999964
23.	-14.19999999999998
23.1	-14.19999999999998
23.200000000000003	-14.220000000000006
23.3	-14.240000000000041
23.4	-14.240000000000041
23.5	-14.280000000000028
23.6	-14.29999999999998
23.700000000000003	-14.29999999999998
23.8	-14.310000000000006
23.9	-14.340000000000028
24.	-14.359999999999985
24.1	-14.36999999999996
24.200000000000003	-14.399999999999979
24.3	-14.429999999999986
24.4	-14.429999999999986
24.5	-14.46000000000003
24.6	-14.490000000000006
24.700000000000003	-14.499999999999979
24.8	-14.52000000000003
24.9	-14.560000000000041
25.	-14.580000000000005
25.1	-14.580000000000005
25.200000000000003	-14.599999999999978
25.3	-14.599999999999978
25.4	-14.599999999999978
25.5	-14.599999999999978
25.6	-14.599999999999978
25.700000000000003	-14.640000000000041
25.8	-14.640000000000041
25.9	-14.640000000000041
26.	-14.670000000000005
26.1	-14.670000000000005
26.200000000000003	-14.670000000000005
26.3	-14.670000000000005
26.4	-14.699999999999978
26.5	-14.699999999999978
26.6	-14.699999999999978
26.700000000000003	-14.699999999999978
26.8	-14.699999999999978
26.9	-14.699999999999978
27.	-14.720000000000041
27.1	-14.720000000000041
27.2	-14.760000000000005
27.3	-14.760000000000005
27.400000000000002	-14.760000000000005
27.5	-14.760000000000005
27.6	-14.760000000000005
27.7	-14.760000000000005
27.8	-14.799999999999978
27.900000000000002	-14.799999999999978
28.	-14.799999999999978
28.1	-14.799999999999978
28.2	-14.799999999999978
28.3	-14.799999999999978
28.400000000000002	-14.799999999999978
28.5	-14.820000000000032
28.6	-14.850000000000005
28.7	-14.850000000000005
28.8	-14.850000000000005
28.900000000000002	-14.850000000000005
29.	-14.850000000000005
29.1	-14.850000000000005
29.2	-14.850000000000005
29.3	-14.850000000000005
29.400000000000002	-14.880000000000042
29.5	-14.899999999999977
29.6	-14.899999999999977
29.7	-14.899999999999977
29.8	-14.899999999999977
29.900000000000002	-14.899999999999977
30.	-14.899999999999977
30.1	-14.899999999999977
30.200000000000003	-14.899999999999977
30.3	-14.940000000000005
30.400000000000002	-14.940000000000005
30.5	-14.940000000000005
30.6	-14.940000000000005
30.700000000000003	-14.940000000000005
30.8	-14.940000000000005
30.900000000000002	-14.940000000000005
31.	-14.940000000000005
31.1	-14.960000000000042
31.200000000000003	-14.960000000000042
31.3	-14.960000000000042
31.400000000000002	-14.960000000000042
31.5	-14.999999999999977
31.6	-14.999999999999977
31.700000000000003	-14.999999999999977
31.8	-14.999999999999977
31.900000000000002	-14.999999999999977
32.	-14.999999999999977
32.1	-14.999999999999977
32.2	-14.999999999999977
32.3	-14.999999999999977
32.400000000000006	-14.999999999999977
32.5	-15.030000000000005
32.6	-15.030000000000005
32.7	-15.030000000000005
32.8	-15.030000000000005
32.900000000000006	-15.030000000000005
33.	-15.030000000000005
33.1	-15.030000000000005
33.2	-15.040000000000042
33.3	-15.040000000000042
33.400000000000006	-15.059999999999988
33.5	-15.059999999999988
33.6	-15.059999999999988
33.7	-15.059999999999988
33.8	-15.099999999999977
33.900000000000006	-15.099999999999977
34.	-15.099999999999977
34.1	-15.059999999999988
34.2	-15.040000000000042
34.3	-15.030000000000005
34.400000000000006	-15.030000000000005
34.5	-15.030000000000005
34.6	-15.030000000000005
34.7	-15.030000000000005
34.8	-15.030000000000005
34.900000000000006	-15.030000000000005
35.	-15.030000000000005
35.1	-15.040000000000042
35.2	-15.059999999999988
35.3	-15.080000000000062
35.400000000000006	-15.099999999999977
35.5	-15.099999999999977
35.6	-15.120000000000005
35.7	-15.120000000000005
35.8	-15.129999999999988
35.900000000000006	-15.14999999999996
36.	-15.180000000000035
36.1	-15.180000000000035
36.2	-15.199999999999976
36.3	-15.199999999999976
36.400000000000006	-15.199999999999976
36.5	-15.199999999999976
36.6	-15.199999999999976
36.7	-15.199999999999976
36.8	-15.210000000000004
36.900000000000006	-15.210000000000004
37.	-15.240000000000036
37.1	-15.210000000000004
37.2	-15.210000000000004
37.3	-15.199999999999976
37.400000000000006	-15.199999999999976
37.5	-15.199999999999976
37.6	-15.180000000000035
37.7	-15.129999999999988
37.8	-15.120000000000005
37.900000000000006	-15.099999999999977
38.	-15.059999999999988
38.1	-15.059999999999988
38.2	-15.059999999999988
38.3	-15.049999999999958
38.400000000000006	-15.040000000000042
38.5	-15.030000000000005
38.6	-15.040000000000042
38.7	-15.059999999999988
38.8	-15.059999999999988
38.900000000000006	-15.080000000000062
39.	-15.080000000000062
39.1	-15.080000000000062
39.2	-15.069999999999709
39.3	-15.059999999999988
39.400000000000006	-15.059999999999988
39.5	-15.049999999999958
39.6	-15.059999999999988
39.7	-15.080000000000062
39.8	-15.089999999999945
39.900000000000006	-15.099999999999977
40.	-15.120000000000005
40.1	-15.120000000000005
40.2	-15.120000000000005
40.3	-15.120000000000005
40.400000000000006	-15.120000000000005
40.5	-15.120000000000005
40.6	-15.120000000000005
40.7	-15.129999999999988
40.8	-15.129999999999988
40.900000000000006	-15.14999999999996
41.	-15.14999999999996
41.1	-15.14999999999996
41.2	-15.16000000000006
41.3	-15.180000000000035
41.400000000000006	-15.180000000000035
41.5	-15.189999999999706
41.6	-15.199999999999976
41.7	-15.22000000000006
41.8	-15.240000000000036
41.900000000000006	-15.249999999999961
42.	-15.280000000000042
42.1	-15.299999999999976
42.2	-15.320000000000057
42.3	-15.33999999999999
42.400000000000006	-15.360000000000042
42.5	-15.360000000000042
42.6	-15.399999999999975
42.7	-15.399999999999975
42.8	-15.440000000000042
42.900000000000006	-15.440000000000042
43.	-15.499999999999975
43.1	-15.499999999999975
43.2	-15.499999999999975
43.300000000000004	-15.499999999999975
43.4	-15.499999999999975
43.5	-15.499999999999975
43.6	-15.499999999999975
43.7	-15.499999999999975
43.800000000000004	-15.499999999999975
43.9	-15.520000000000042
44.	-15.520000000000042
44.1	-15.520000000000042
44.2	-15.520000000000042
44.300000000000004	-15.54999999999999
44.4	-15.54999999999999
44.5	-15.570000000000004
44.6	-15.570000000000004
44.7	-15.570000000000004
44.800000000000004	-15.570000000000004
44.9	-15.570000000000004
45.	-15.570000000000004
45.1	-15.570000000000004
45.2	-15.570000000000004
45.300000000000004	-15.599999999999975
45.4	-15.599999999999975
45.5	-15.599999999999975
45.6	-15.599999999999975
45.7	-15.599999999999975
45.800000000000004	-15.599999999999975
45.9	-15.599999999999975
46.	-15.599999999999975
46.1	-15.599999999999975
46.2	-15.599999999999975
46.300000000000004	-15.599999999999975
46.4	-15.599999999999975
46.5	-15.61999999999999
46.6	-15.61999999999999
46.7	-15.61999999999999
46.800000000000004	-15.61999999999999
46.9	-15.61999999999999
47.	-15.61999999999999
47.1	-15.61999999999999
47.2	-15.61999999999999
47.300000000000004	-15.61999999999999
47.4	-15.61999999999999
47.5	-15.61999999999999
47.6	-15.599999999999975
47.7	-15.599999999999975
47.800000000000004	-15.570000000000004
47.9	-15.54999999999999
48.	-15.54999999999999
48.1	-15.540000000000038
48.2	-15.540000000000038
48.300000000000004	-15.520000000000042
48.4	-15.520000000000042
48.5	-15.520000000000042
48.6	-15.520000000000042
48.7	-15.540000000000038
48.800000000000004	-15.54999999999999
48.9	-15.54999999999999
49.	-15.54999999999999
49.1	-15.570000000000004
49.2	-15.570000000000004
49.300000000000004	-15.599999999999975
49.400000000000006	-15.599999999999975
49.5	-15.61999999999999
49.6	-15.61999999999999
49.7	-15.660000000000004
49.800000000000004	-15.660000000000004
49.900000000000006	-15.660000000000004
50.	-15.699999999999974
50.1	-15.699999999999974
50.2	-15.680000000000042
50.300000000000004	-15.660000000000004
50.400000000000006	-15.660000000000004
50.5	-15.660000000000004
50.6	-15.660000000000004
50.7	-15.660000000000004
50.800000000000004	-15.660000000000004
50.900000000000006	-15.660000000000004
51.	-15.660000000000004
51.1	-15.680000000000042
51.2	-15.680000000000042
51.300000000000004	-15.680000000000042
51.400000000000006	-15.699999999999974
51.5	-15.699999999999974
51.6	-15.699999999999974
51.7	-15.699999999999974
51.800000000000004	-15.72000000000004
51.900000000000006	-15.72000000000004
52.	-15.750000000000004
52.1	-15.750000000000004
52.2	-15.750000000000004
52.300000000000004	-15.750000000000004
52.400000000000006	-15.750000000000004
52.5	-15.760000000000042
52.6	-15.760000000000042
52.7	-15.799999999999974
52.800000000000004	-15.799999999999974
52.900000000000006	-15.799999999999974
53.	-15.799999999999974
53.1	-15.799999999999974
53.2	-15.799999999999974
53.300000000000004	-15.799999999999974
53.400000000000006	-15.799999999999974
53.5	-15.799999999999974
53.6	-15.799999999999974
53.7	-15.760000000000042
53.800000000000004	-15.750000000000004
53.900000000000006	-15.750000000000004
54.	-15.750000000000004
54.1	-15.750000000000004
54.2	-15.750000000000004
54.300000000000004	-15.750000000000004
54.400000000000006	-15.750000000000004
54.5	-15.750000000000004
54.6	-15.750000000000004
54.7	-15.760000000000042
54.800000000000004	-15.760000000000042
54.900000000000006	-15.78000000000004
55.	-15.78000000000004
55.1	-15.799999999999974
55.2	-15.799999999999974
55.300000000000004	-15.799999999999974
55.400000000000006	-15.799999999999974
55.5	-15.840000000000003
55.6	-15.840000000000003
55.7	-15.840000000000003
55.800000000000004	-15.840000000000003
55.900000000000006	-15.840000000000003
56.	-15.840000000000003
56.1	-15.840000000000003
56.2	-15.840000000000003
56.300000000000004	-15.840000000000003
56.400000000000006	-15.840000000000003
56.5	-15.840000000000003
56.6	-15.840000000000003
56.7	-15.840000000000003
56.800000000000004	-15.840000000000003
56.900000000000006	-15.840000000000003
57.	-15.840000000000003
57.1	-15.840000000000003
57.2	-15.840000000000003
57.300000000000004	-15.84999999999997
57.400000000000006	-15.84999999999997
57.5	-15.880000000000045
57.6	-15.84999999999997
57.7	-15.840000000000003
57.800000000000004	-15.840000000000003
57.900000000000006	-15.840000000000003
58.	-15.840000000000003
58.1	-15.840000000000003
58.2	-15.840000000000003
58.300000000000004	-15.840000000000003
58.400000000000006	-15.840000000000003
58.5	-15.840000000000003
58.6	-15.840000000000003
58.7	-15.840000000000003
58.800000000000004	-15.840000000000003
58.900000000000006	-15.84999999999997
59.	-15.84999999999997
59.1	-15.84999999999997
59.2	-15.880000000000045
59.300000000000004	-15.880000000000045
59.400000000000006	-15.880000000000045
59.5	-15.880000000000045
59.6	-15.899999999999974
59.7	-15.899999999999974
59.800000000000004	-15.899999999999974
59.900000000000006	-15.899999999999974
60.	-15.899999999999974