0.10000000149 1.71727460838e-05
0.100600942969 1.71727460838e-05
0.10120549798 1.71727460838e-05
0.101813688874 1.71727460838e-05
0.102425538003 1.71727460838e-05
0.103041052818 1.71727460838e-05
0.103660278022 1.71727460838e-05
0.104283213615 1.71727460838e-05
0.104909904301 1.71727460838e-05
0.10554035008 1.71727460838e-05
0.106174588203 1.71727460838e-05
0.106812641025 1.71727460838e-05
0.107454530895 1.71727460838e-05
0.108100272715 1.71727460838e-05
0.108749896288 1.71727460838e-05
0.109403423965 1.71727460838e-05
0.110060878098 1.71727460838e-05
0.110722281039 1.71727460838e-05
0.11138766259 1.71727460838e-05
0.112057037652 1.71727460838e-05
0.112730436027 1.71727460838e-05
0.113407887518 1.71727460838e-05
0.114089407027 1.52773463924e-05
0.114775024354 1.52773463924e-05
0.115464754403 1.52773463924e-05
0.116158634424 1.52773463924e-05
0.116856686771 1.52773463924e-05
0.117558926344 1.52773463924e-05
0.118265390396 1.52773463924e-05
0.118976101279 1.52773463924e-05
0.119691081345 1.52773463924e-05
0.120410360396 1.52773463924e-05
0.121133960783 1.52773463924e-05
0.12186191231 1.52773463924e-05
0.122594229877 1.52773463924e-05
0.123330958188 1.52773463924e-05
0.124072104692 1.52773463924e-05
0.124817714095 1.52773463924e-05
0.125567793846 1.52773463924e-05
0.126322388649 1.52773463924e-05
0.127081513405 1.52773463924e-05
0.127845212817 1.52773463924e-05
0.128613486886 1.52773463924e-05
0.129386380315 1.52773463924e-05
0.130163922906 1.52773463924e-05
0.130946144462 1.52773463924e-05
0.131733059883 1.52773463924e-05
0.132524698973 1.52773463924e-05
0.133321091533 1.52773463924e-05
0.134122282267 1.52773463924e-05
0.134928286076 1.52773463924e-05
0.135739132762 1.35911477628e-05
0.136554852128 1.35911477628e-05
0.137375459075 1.35911477628e-05
0.138201013207 1.35911477628e-05
0.139031529427 1.35911477628e-05
0.139867037535 1.35911477628e-05
0.140707552433 1.35911477628e-05
0.141553133726 1.35911477628e-05
0.142403781414 1.35911477628e-05
0.143259555101 1.35911477628e-05
0.144120469689 1.35911477628e-05
0.14498655498 1.35911477628e-05
0.145857840776 1.35911477628e-05
0.146734371781 1.35911477628e-05
0.147616162896 1.35911477628e-05
0.148503243923 1.35911477628e-05
0.149395674467 1.35911477628e-05
0.150293454528 1.35911477628e-05
0.15119664371 1.35911477628e-05
0.152105242014 1.35911477628e-05
0.153019323945 1.35911477628e-05
0.153938874602 1.35911477628e-05
0.154863968492 1.35911477628e-05
0.155794620514 1.35911477628e-05
0.156730860472 1.35911477628e-05
0.157672718167 1.35911477628e-05
0.158620253205 1.35911477628e-05
0.159573465586 1.35911477628e-05
0.160532414913 1.35911477628e-05
0.16149713099 1.35911477628e-05
0.162467628717 1.35911477628e-05
0.163443982601 1.35911477628e-05
0.16442617774 1.35911477628e-05
0.16541428864 1.35911477628e-05
0.166408345103 1.35911477628e-05
0.167408362031 1.35911477628e-05
0.168414399028 1.20910581245e-05
0.169426470995 1.20910581245e-05
0.170444637537 1.20910581245e-05
0.171468913555 1.20910581245e-05
0.172499343753 1.20910581245e-05
0.173535972834 1.20910581245e-05
0.1745788306 1.20910581245e-05
0.175627946854 1.20910581245e-05
0.1766833812 1.20910581245e-05
0.17774514854 1.20910581245e-05
0.178813293576 1.20910581245e-05
0.179887875915 1.20910581245e-05
0.180968895555 1.20910581245e-05
0.182056427002 1.20910581245e-05
0.183150485158 1.20910581245e-05
0.184251114726 1.20910581245e-05
0.18535836041 1.20910581245e-05
0.186472266912 1.20910581245e-05
0.187592864037 1.20910581245e-05
0.188720181584 1.20910581245e-05
0.189854294062 1.20910581245e-05
0.19099521637 1.20910581245e-05
0.192142993212 1.20910581245e-05
0.19329765439 1.20910581245e-05
0.194459274411 1.20910581245e-05
0.195627868176 1.20910581245e-05
0.196803480387 1.20910581245e-05
0.197986155748 1.20910581245e-05
0.199175953865 1.07565374492e-05
0.200372889638 1.07565374492e-05
0.201577022672 1.07565374492e-05
0.202788382769 1.07565374492e-05
0.204007029533 1.07565374492e-05
0.205233007669 1.07565374492e-05
0.206466346979 1.07565374492e-05
0.207707092166 1.07565374492e-05
0.208955287933 1.07565374492e-05
0.210210993886 1.07565374492e-05
0.211474254727 1.07565374492e-05
0.21274510026 1.07565374492e-05
0.214023575187 1.07565374492e-05
0.215309739113 1.07565374492e-05
0.216603636742 1.07565374492e-05
0.217905297875 1.07565374492e-05
0.21921479702 1.07565374492e-05
0.220532149076 1.07565374492e-05
0.221857428551 1.07565374492e-05
0.223190665245 1.07565374492e-05
0.224531918764 7.57350744607e-06
0.225881233811 7.57350744607e-06
0.22723865509 7.57350744607e-06
0.228604242206 7.57350744607e-06
0.22997802496 7.57350744607e-06
0.231360062957 7.57350744607e-06
0.232750415802 7.57350744607e-06
0.234149113297 7.57350744607e-06
0.235556215048 7.57350744607e-06
0.236971780658 7.57350744607e-06
0.238395854831 6.73760041536e-06
0.23982848227 6.73760041536e-06
0.241269722581 6.73760041536e-06
0.242719620466 6.73760041536e-06
0.244178235531 6.73760041536e-06
0.245645612478 6.73760041536e-06
0.247121796012 6.73760041536e-06
0.248606860638 6.73760041536e-06
0.250100851059 6.73760041536e-06
0.251603811979 6.73760041536e-06
0.253115832806 6.73760041536e-06
0.254636913538 6.73760041536e-06
0.256167143583 6.73760041536e-06
0.257706552744 6.73760041536e-06
0.259255230427 6.73760041536e-06
0.260813206434 6.73760041536e-06
0.262380570173 5.9939543462e-06
0.263957321644 5.9939543462e-06
0.265543550253 5.9939543462e-06
0.267139345407 5.9939543462e-06
0.268744707108 5.9939543462e-06
0.270359694958 5.9939543462e-06
0.271984428167 5.9939543462e-06
0.273618876934 5.9939543462e-06
0.275263190269 5.9939543462e-06
0.276917368174 5.9939543462e-06
0.278581500053 5.9939543462e-06
0.280255615711 5.9939543462e-06
0.281939804554 5.9939543462e-06
0.283634096384 5.9939543462e-06
0.285338580608 5.9939543462e-06
0.287053316832 5.9939543462e-06
0.288778334856 5.9939543462e-06
0.290513753891 5.9939543462e-06
0.292259573936 5.9939543462e-06
0.294015884399 5.9939543462e-06
0.295782774687 5.9939543462e-06
0.297560244799 5.9939543462e-06
0.299348413944 5.9939543462e-06
0.301147341728 5.9939543462e-06
0.302957087755 5.9939543462e-06
0.304777681828 5.33238653588e-06
0.306609213352 5.33238653588e-06
0.308451771736 5.33238653588e-06
0.310305416584 5.33238653588e-06
0.312170177698 5.33238653588e-06
0.314046144485 5.33238653588e-06
0.315933376551 5.33238653588e-06
0.317831963301 5.33238653588e-06
0.31974196434 5.33238653588e-06
0.321663439274 5.33238653588e-06
0.323596447706 5.33238653588e-06
0.325541079044 5.33238653588e-06
0.327497422695 5.33238653588e-06
0.329465508461 5.33238653588e-06
0.331445395947 5.33238653588e-06
0.333437204361 5.33238653588e-06
0.335440993309 5.33238653588e-06
0.337456792593 5.33238653588e-06
0.339484721422 5.33238653588e-06
0.341524839401 5.33238653588e-06
0.343577206135 5.33238653588e-06
0.345641940832 5.33238653588e-06
0.347719043493 5.33238653588e-06
0.349808633327 4.7438375077e-06
0.351910799742 4.7438375077e-06
0.354025602341 4.7438375077e-06
0.356153100729 4.7438375077e-06
0.358293384314 4.7438375077e-06
0.360446512699 4.7438375077e-06
0.362612605095 4.7438375077e-06
0.364791721106 4.7438375077e-06
0.366983920336 4.7438375077e-06
0.36918926239 4.7438375077e-06
0.37140789628 4.7438375077e-06
0.373639851809 4.7438375077e-06
0.375885218382 4.7438375077e-06
0.378144085407 4.7438375077e-06
0.380416542292 4.7438375077e-06
0.382702618837 4.7438375077e-06
0.385002464056 4.7438375077e-06
0.38731610775 4.7438375077e-06
0.389643669128 4.7438375077e-06
0.391985207796 4.7438375077e-06
0.39434081316 4.7438375077e-06
0.396710604429 4.7438375077e-06
0.399094611406 4.7438375077e-06
0.4014929533 4.7438375077e-06
0.403905689716 4.7438375077e-06
0.406332939863 4.7438375077e-06
0.408774793148 4.2202482291e-06
0.411231309175 4.2202482291e-06
0.413702577353 4.2202482291e-06
0.416188687086 4.2202482291e-06
0.418689757586 4.2202482291e-06
0.421205848455 4.2202482291e-06
0.423737078905 4.2202482291e-06
0.426283508539 4.2202482291e-06
0.428845226765 4.2202482291e-06
0.431422352791 4.2202482291e-06
0.434014946222 4.2202482291e-06
0.436623156071 4.2202482291e-06
0.439247012138 4.2202482291e-06
0.441886633635 4.2202482291e-06
0.444542139769 4.2202482291e-06
0.447213590145 4.2202482291e-06
0.449901103973 4.2202482291e-06
0.45260477066 4.2202482291e-06
0.455324679613 4.2202482291e-06
0.458060920238 4.2202482291e-06
0.460813611746 4.2202482291e-06
0.463582843542 4.2202482291e-06
0.466368734837 4.2202482291e-06
0.469171345234 4.2202482291e-06
0.471990793943 4.2202482291e-06
0.474827200174 4.2202482291e-06
0.477680653334 4.2202482291e-06
0.480551242828 4.2202482291e-06
0.48343911767 4.2202482291e-06
0.486344307661 4.2202482291e-06
0.489266961813 4.2202482291e-06
0.492207199335 4.2202482291e-06
0.495165079832 3.7544486986e-06
0.498140752316 3.7544486986e-06
0.501134335995 3.7544486986e-06
0.504145860672 3.7544486986e-06
0.507175505161 3.7544486986e-06
0.510223329067 3.7544486986e-06
0.513289511204 3.7544486986e-06
0.516374111176 3.7544486986e-06
0.519477188587 3.7544486986e-06
0.522598981857 3.7544486986e-06
0.525739490986 3.7544486986e-06
0.528898894787 3.7544486986e-06
0.532077312469 3.7544486986e-06
0.535274803638 3.7544486986e-06
0.538491487503 3.7544486986e-06
0.541727542877 3.7544486986e-06
0.544983029366 3.7544486986e-06
0.548258066177 3.7544486986e-06
0.551552832127 3.7544486986e-06
0.554867327213 3.7544486986e-06
0.558201789856 3.7544486986e-06
0.561556279659 3.7544486986e-06
0.564930915833 3.7544486986e-06
0.568325817585 3.7544486986e-06
0.571741163731 3.7544486986e-06
0.575177013874 3.7544486986e-06
0.578633487225 3.7544486986e-06
0.582110762596 3.7544486986e-06
0.585608959198 3.7544486986e-06
0.589128136635 3.7544486986e-06
0.592668473721 3.7544486986e-06
0.596230089664 3.7544486986e-06
0.599813103676 3.34006085723e-06
0.603417634964 3.7544486986e-06
0.607043862343 3.34006085723e-06
0.610691845417 3.34006085723e-06
0.614361763 3.34006085723e-06
0.618053734303 3.34006085723e-06
0.621767878532 3.34006085723e-06
0.625504374504 3.34006085723e-06
0.629263341427 3.34006085723e-06
0.633044838905 3.34006085723e-06
0.636849105358 3.34006085723e-06
0.64067620039 3.34006085723e-06
0.644526302814 3.34006085723e-06
0.648399591446 3.34006085723e-06
0.652296066284 3.34006085723e-06
0.656216025352 3.34006085723e-06
0.660159528255 3.34006085723e-06
0.664126753807 3.34006085723e-06
0.668117761612 3.34006085723e-06
0.672132790089 3.34006085723e-06
0.676171958447 3.34006085723e-06
0.68023532629 3.34006085723e-06
0.684323191643 3.34006085723e-06
0.688435614109 3.34006085723e-06
0.692572712898 3.34006085723e-06
0.696734666824 3.34006085723e-06
0.700921714306 3.34006085723e-06
0.705133855343 3.34006085723e-06
0.709371328354 3.34006085723e-06
0.713634252548 3.34006085723e-06
0.71792280674 3.34006085723e-06
0.722237110138 3.34006085723e-06
0.726577341557 3.34006085723e-06
0.73094367981 3.34006085723e-06
0.735336244106 3.34006085723e-06
0.739755213261 3.34006085723e-06
0.744200766087 3.34006085723e-06
0.748672962189 3.34006085723e-06
0.75317209959 3.34006085723e-06
0.757698237896 3.34006085723e-06
0.762251615524 3.7544486986e-06
0.76683229208 3.34006085723e-06
0.771440565586 3.7544486986e-06
0.776076495647 3.7544486986e-06
0.780740261078 4.7438375077e-06
0.785432100296 3.7544486986e-06
0.790152072906 3.34006085723e-06
0.794900476933 3.34006085723e-06
0.799677371979 3.34006085723e-06
0.804482996464 3.34006085723e-06
0.809317529202 3.34006085723e-06
0.814181089401 2.97140991279e-06
0.819073855877 2.97140991279e-06
0.823996007442 2.97140991279e-06
0.828947782516 2.97140991279e-06
0.833929300308 2.97140991279e-06
0.838940739632 2.97140991279e-06
0.843982338905 2.97140991279e-06
0.849054217339 2.97140991279e-06
0.854156553745 2.97140991279e-06
0.859289586544 2.97140991279e-06
0.864453434944 2.97140991279e-06
0.869648337364 2.97140991279e-06
0.874874413013 2.97140991279e-06
0.880131900311 2.97140991279e-06
0.885421037674 2.97140991279e-06
0.890741944313 2.97140991279e-06
0.896094799042 2.97140991279e-06
0.901479840279 2.97140991279e-06
0.906897246838 2.64344794232e-06
0.912347197533 2.64344794232e-06
0.917829871178 2.64344794232e-06
0.923345565796 2.64344794232e-06
0.928894340992 2.64344794232e-06
0.934476494789 2.64344794232e-06
0.940092146397 2.64344794232e-06
0.945741593838 2.64344794232e-06
0.951425015926 2.64344794232e-06
0.957142531872 2.64344794232e-06
0.962894439697 2.64344794232e-06
0.968680918217 2.64344794232e-06
0.974502146244 2.64344794232e-06
0.980358362198 2.64344794232e-06
0.986249744892 2.64344794232e-06
0.99217659235 2.64344794232e-06
0.998139023781 2.64344794232e-06
1.0041372776 2.64344794232e-06
1.01017165184 2.64344794232e-06
1.01624214649 3.34006085723e-06
1.0223492384 3.34006085723e-06
1.02849304676 2.64344794232e-06
1.0346736908 2.64344794232e-06
1.04089152813 2.64344794232e-06
1.04714667797 2.64344794232e-06
1.05343949795 2.35168386098e-06
1.05976998806 2.35168386098e-06
1.06613862514 2.35168386098e-06
1.07254552841 2.35168386098e-06
1.07899093628 2.35168386098e-06
1.08547508717 2.35168386098e-06
1.09199821949 2.35168386098e-06
1.09856057167 2.35168386098e-06
1.10516226292 2.35168386098e-06
1.11180365086 2.35168386098e-06
1.11848497391 2.35168386098e-06
1.12520647049 2.35168386098e-06
1.13196837902 2.35168386098e-06
1.13877093792 2.35168386098e-06
1.1456142664 2.35168386098e-06
1.15249884129 2.35168386098e-06
1.15942466259 2.35168386098e-06
1.16639220715 2.35168386098e-06
1.17340159416 2.35168386098e-06
1.18045306206 2.35168386098e-06
1.18754696846 2.35168386098e-06
1.19468343258 2.35168386098e-06
1.20186281204 2.35168386098e-06
1.20908534527 2.35168386098e-06
1.21635127068 2.35168386098e-06
1.22366082668 2.35168386098e-06
1.23101437092 2.35168386098e-06
1.2384121418 2.35168386098e-06
1.24585425854 2.35168386098e-06
1.25334119797 2.35168386098e-06
1.2608730793 2.35168386098e-06
1.26845026016 2.35168386098e-06
1.27607297897 2.09212248592e-06
1.28374147415 2.09212248592e-06
1.29145598412 2.09212248592e-06
1.2992169857 2.09212248592e-06
1.30702447891 2.09212248592e-06
1.31487905979 2.09212248592e-06
1.32278072834 2.09212248592e-06
1.3307299614 2.09212248592e-06
1.33872687817 2.09212248592e-06
1.34677183628 2.09212248592e-06
1.35486519337 2.09212248592e-06
1.36300718784 2.09212248592e-06
1.37119817734 2.09212248592e-06
1.37943828106 2.09212248592e-06
1.38772797585 2.09212248592e-06
1.39606738091 2.09212248592e-06
1.40445697308 2.09212248592e-06
1.41289699078 2.09212248592e-06
1.42138779163 2.09212248592e-06
1.42992949486 2.09212248592e-06
1.43852257729 2.09212248592e-06
1.44716739655 2.09212248592e-06
1.45586407185 2.09212248592e-06
1.46461296082 2.09212248592e-06
1.47341454029 2.09212248592e-06
1.48226892948 2.09212248592e-06
1.49117648602 2.09212248592e-06
1.50013768673 2.09212248592e-06
1.50915265083 2.09212248592e-06
1.51822185516 2.09212248592e-06
1.52734553814 2.09212248592e-06
1.53652405739 2.09212248592e-06
1.54575765133 1.86120973922e-06
1.5550467968 1.86120973922e-06
1.56439185143 1.86120973922e-06
1.57379293442 1.86120973922e-06
1.58325052261 1.86120973922e-06
1.59276509285 1.86120973922e-06
1.60233664513 1.86120973922e-06
1.6119658947 1.86120973922e-06
1.62165284157 1.86120973922e-06
1.63139808178 1.86120973922e-06
1.64120197296 1.86120973922e-06
1.65106463432 1.86120973922e-06
1.66098666191 1.86120973922e-06
1.67096829414 1.86120973922e-06
1.68100988865 1.86120973922e-06
1.69111180305 1.86120973922e-06
1.70127439499 1.86120973922e-06
1.71149814129 1.86120973922e-06
1.72178328037 1.86120973922e-06
1.73213028908 1.86120973922e-06
1.74253940582 1.86120973922e-06
1.75301110744 1.86120973922e-06
1.76354575157 1.86120973922e-06
1.77414369583 1.86120973922e-06
1.78480529785 1.86120973922e-06
1.79553103447 1.86120973922e-06
1.8063211441 1.86120973922e-06
1.8171762228 1.86120973922e-06
1.82809638977 1.86120973922e-06
1.83908224106 1.86120973922e-06
1.85013413429 1.6557833078e-06
1.8612524271 1.6557833078e-06
1.87243747711 1.6557833078e-06
1.88368988037 1.6557833078e-06
1.89500975609 1.6557833078e-06
1.90639770031 1.6557833078e-06
1.91785418987 1.6557833078e-06
1.92937934399 1.6557833078e-06
1.94097387791 1.6557833078e-06
1.95263803005 1.6557833078e-06
1.96437239647 1.6557833078e-06
1.97617721558 1.6557833078e-06
1.988052845 1.6557833078e-06
