0.10000000149 2.74161830021e-05
0.100600942969 2.74161830021e-05
0.10120549798 2.43901904469e-05
0.101813688874 2.43901904469e-05
0.102425538003 2.43901904469e-05
0.103041052818 2.43901904469e-05
0.103660278022 2.43901904469e-05
0.104283213615 2.43901904469e-05
0.104909904301 2.43901904469e-05
0.10554035008 2.43901904469e-05
0.106174588203 2.43901904469e-05
0.106812641025 2.43901904469e-05
0.107454530895 2.43901904469e-05
0.108100272715 2.43901904469e-05
0.108749896288 2.43901904469e-05
0.109403423965 2.43901904469e-05
0.110060878098 2.43901904469e-05
0.110722281039 2.43901904469e-05
0.11138766259 2.43901904469e-05
0.112057037652 2.43901904469e-05
0.112730436027 2.43901904469e-05
0.113407887518 2.43901904469e-05
0.114089407027 2.43901904469e-05
0.114775024354 2.43901904469e-05
0.115464754403 2.43901904469e-05
0.116158634424 2.43901904469e-05
0.116856686771 2.43901904469e-05
0.117558926344 2.43901904469e-05
0.118265390396 2.43901904469e-05
0.118976101279 2.43901904469e-05
0.119691081345 2.43901904469e-05
0.120410360396 2.43901904469e-05
0.121133960783 2.43901904469e-05
0.12186191231 2.43901904469e-05
0.122594229877 2.43901904469e-05
0.123330958188 2.43901904469e-05
0.124072104692 2.43901904469e-05
0.124817714095 2.16981825361e-05
0.125567793846 2.16981825361e-05
0.126322388649 2.16981825361e-05
0.127081513405 2.16981825361e-05
0.127845212817 2.16981825361e-05
0.128613486886 2.16981825361e-05
0.129386380315 2.16981825361e-05
0.130163922906 2.16981825361e-05
0.130946144462 2.16981825361e-05
0.131733059883 2.16981825361e-05
0.132524698973 2.16981825361e-05
0.133321091533 2.16981825361e-05
0.134122282267 2.16981825361e-05
0.134928286076 2.16981825361e-05
0.135739132762 2.16981825361e-05
0.136554852128 2.16981825361e-05
0.137375459075 2.16981825361e-05
0.138201013207 2.16981825361e-05
0.139031529427 2.16981825361e-05
0.139867037535 2.16981825361e-05
0.140707552433 2.16981825361e-05
0.141553133726 2.16981825361e-05
0.142403781414 2.16981825361e-05
0.143259555101 2.16981825361e-05
0.144120469689 2.16981825361e-05
0.14498655498 2.16981825361e-05
0.145857840776 2.16981825361e-05
0.146734371781 2.16981825361e-05
0.147616162896 2.16981825361e-05
0.148503243923 2.16981825361e-05
0.149395674467 1.93032992684e-05
0.150293454528 1.93032992684e-05
0.15119664371 1.93032992684e-05
0.152105242014 1.93032992684e-05
0.153019323945 1.93032992684e-05
0.153938874602 1.93032992684e-05
0.154863968492 1.93032992684e-05
0.155794620514 1.93032992684e-05
0.156730860472 1.93032992684e-05
0.157672718167 1.93032992684e-05
0.158620253205 1.93032992684e-05
0.159573465586 1.93032992684e-05
0.160532414913 1.93032992684e-05
0.16149713099 1.93032992684e-05
0.162467628717 1.93032992684e-05
0.163443982601 1.93032992684e-05
0.16442617774 1.93032992684e-05
0.16541428864 1.93032992684e-05
0.166408345103 1.93032992684e-05
0.167408362031 1.93032992684e-05
0.168414399028 1.93032992684e-05
0.169426470995 1.93032992684e-05
0.170444637537 1.93032992684e-05
0.171468913555 1.93032992684e-05
0.172499343753 1.93032992684e-05
0.173535972834 1.93032992684e-05
0.1745788306 1.93032992684e-05
0.175627946854 1.93032992684e-05
0.1766833812 1.93032992684e-05
0.17774514854 1.71727460838e-05
0.178813293576 1.71727460838e-05
0.179887875915 1.71727460838e-05
0.180968895555 1.71727460838e-05
0.182056427002 1.71727460838e-05
0.183150485158 1.71727460838e-05
0.184251114726 1.71727460838e-05
0.18535836041 1.71727460838e-05
0.186472266912 1.71727460838e-05
0.187592864037 1.71727460838e-05
0.188720181584 1.71727460838e-05
0.189854294062 1.71727460838e-05
0.19099521637 1.71727460838e-05
0.192142993212 1.71727460838e-05
0.19329765439 1.71727460838e-05
0.194459274411 1.71727460838e-05
0.195627868176 1.71727460838e-05
0.196803480387 1.71727460838e-05
0.197986155748 1.71727460838e-05
0.199175953865 1.71727460838e-05
0.200372889638 1.71727460838e-05
0.201577022672 1.71727460838e-05
0.202788382769 1.71727460838e-05
0.204007029533 1.71727460838e-05
0.205233007669 1.71727460838e-05
0.206466346979 1.71727460838e-05
0.207707092166 1.71727460838e-05
0.208955287933 1.71727460838e-05
0.210210993886 1.71727460838e-05
0.211474254727 1.71727460838e-05
0.21274510026 1.71727460838e-05
0.214023575187 1.71727460838e-05
0.215309739113 1.71727460838e-05
0.216603636742 1.71727460838e-05
0.217905297875 1.71727460838e-05
0.21921479702 1.71727460838e-05
0.220532149076 1.71727460838e-05
0.221857428551 1.71727460838e-05
0.223190665245 1.71727460838e-05
0.224531918764 1.20910581245e-05
0.225881233811 1.20910581245e-05
0.22723865509 1.20910581245e-05
0.228604242206 1.07565374492e-05
0.22997802496 1.07565374492e-05
0.231360062957 1.07565374492e-05
0.232750415802 1.07565374492e-05
0.234149113297 1.07565374492e-05
0.235556215048 1.07565374492e-05
0.236971780658 1.07565374492e-05
0.238395854831 1.07565374492e-05
0.23982848227 1.07565374492e-05
0.241269722581 1.07565374492e-05
0.242719620466 1.07565374492e-05
0.244178235531 9.56931125984e-06
0.245645612478 9.56931125984e-06
0.247121796012 9.56931125984e-06
0.248606860638 9.56931125984e-06
0.250100851059 9.56931125984e-06
0.251603811979 9.56931125984e-06
0.253115832806 9.56931125984e-06
0.254636913538 9.56931125984e-06
0.256167143583 9.56931125984e-06
0.257706552744 9.56931125984e-06
0.259255230427 9.56931125984e-06
0.260813206434 9.56931125984e-06
0.262380570173 9.56931125984e-06
0.263957321644 9.56931125984e-06
0.265543550253 9.56931125984e-06
0.267139345407 9.56931125984e-06
0.268744707108 9.56931125984e-06
0.270359694958 8.51312233863e-06
0.271984428167 8.51312233863e-06
0.273618876934 8.51312233863e-06
0.275263190269 8.51312233863e-06
0.276917368174 8.51312233863e-06
0.278581500053 8.51312233863e-06
0.280255615711 8.51312233863e-06
0.281939804554 8.51312233863e-06
0.283634096384 8.51312233863e-06
0.285338580608 8.51312233863e-06
0.287053316832 8.51312233863e-06
0.288778334856 8.51312233863e-06
0.290513753891 8.51312233863e-06
0.292259573936 8.51312233863e-06
0.294015884399 8.51312233863e-06
0.295782774687 8.51312233863e-06
0.297560244799 8.51312233863e-06
0.299348413944 8.51312233863e-06
0.301147341728 8.51312233863e-06
0.302957087755 8.51312233863e-06
0.304777681828 8.51312233863e-06
0.306609213352 8.51312233863e-06
0.308451771736 8.51312233863e-06
0.310305416584 8.51312233863e-06
0.312170177698 8.51312233863e-06
0.314046144485 7.57350744607e-06
0.315933376551 7.57350744607e-06
0.317831963301 7.57350744607e-06
0.31974196434 7.57350744607e-06
0.321663439274 7.57350744607e-06
0.323596447706 7.57350744607e-06
0.325541079044 7.57350744607e-06
0.327497422695 7.57350744607e-06
0.329465508461 7.57350744607e-06
0.331445395947 7.57350744607e-06
0.333437204361 7.57350744607e-06
0.335440993309 7.57350744607e-06
0.337456792593 7.57350744607e-06
0.339484721422 7.57350744607e-06
0.341524839401 7.57350744607e-06
0.343577206135 7.57350744607e-06
0.345641940832 7.57350744607e-06
0.347719043493 7.57350744607e-06
0.349808633327 7.57350744607e-06
0.351910799742 7.57350744607e-06
0.354025602341 7.57350744607e-06
0.356153100729 7.57350744607e-06
0.358293384314 7.57350744607e-06
0.360446512699 7.57350744607e-06
0.362612605095 6.73760041536e-06
0.364791721106 6.73760041536e-06
0.366983920336 6.73760041536e-06
0.36918926239 6.73760041536e-06
0.37140789628 6.73760041536e-06
0.373639851809 6.73760041536e-06
0.375885218382 6.73760041536e-06
0.378144085407 6.73760041536e-06
0.380416542292 6.73760041536e-06
0.382702618837 6.73760041536e-06
0.385002464056 6.73760041536e-06
0.38731610775 6.73760041536e-06
0.389643669128 6.73760041536e-06
0.391985207796 6.73760041536e-06
0.39434081316 6.73760041536e-06
0.396710604429 6.73760041536e-06
0.399094611406 6.73760041536e-06
0.4014929533 6.73760041536e-06
0.403905689716 6.73760041536e-06
0.406332939863 6.73760041536e-06
0.408774793148 6.73760041536e-06
0.411231309175 6.73760041536e-06
0.413702577353 6.73760041536e-06
0.416188687086 6.73760041536e-06
0.418689757586 6.73760041536e-06
0.421205848455 6.73760041536e-06
0.423737078905 6.73760041536e-06
0.426283508539 5.9939543462e-06
0.428845226765 5.9939543462e-06
0.431422352791 5.9939543462e-06
0.434014946222 6.73760041536e-06
0.436623156071 5.9939543462e-06
0.439247012138 5.9939543462e-06
0.441886633635 5.9939543462e-06
0.444542139769 5.9939543462e-06
0.447213590145 5.9939543462e-06
0.449901103973 5.9939543462e-06
0.45260477066 5.9939543462e-06
0.455324679613 5.9939543462e-06
0.458060920238 5.9939543462e-06
0.460813611746 5.9939543462e-06
0.463582843542 5.9939543462e-06
0.466368734837 5.9939543462e-06
0.469171345234 5.9939543462e-06
0.471990793943 5.9939543462e-06
0.474827200174 5.9939543462e-06
0.477680653334 5.9939543462e-06
0.480551242828 5.9939543462e-06
0.48343911767 5.9939543462e-06
0.486344307661 5.9939543462e-06
0.489266961813 5.9939543462e-06
0.492207199335 5.9939543462e-06
0.495165079832 5.9939543462e-06
0.498140752316 5.9939543462e-06
0.501134335995 5.9939543462e-06
0.504145860672 5.9939543462e-06
0.507175505161 5.9939543462e-06
0.510223329067 5.9939543462e-06
0.513289511204 5.9939543462e-06
0.516374111176 5.33238653588e-06
0.519477188587 5.33238653588e-06
0.522598981857 5.33238653588e-06
0.525739490986 5.9939543462e-06
0.528898894787 5.33238653588e-06
0.532077312469 5.33238653588e-06
0.535274803638 5.33238653588e-06
0.538491487503 5.33238653588e-06
0.541727542877 5.33238653588e-06
0.544983029366 5.33238653588e-06
0.548258066177 5.33238653588e-06
0.551552832127 5.33238653588e-06
0.554867327213 5.33238653588e-06
0.558201789856 5.33238653588e-06
0.561556279659 5.33238653588e-06
0.564930915833 5.33238653588e-06
0.568325817585 5.33238653588e-06
0.571741163731 5.33238653588e-06
0.575177013874 5.33238653588e-06
0.578633487225 5.33238653588e-06
0.582110762596 5.33238653588e-06
0.585608959198 5.33238653588e-06
0.589128136635 5.33238653588e-06
0.592668473721 5.33238653588e-06
0.596230089664 5.33238653588e-06
0.599813103676 5.33238653588e-06
0.603417634964 5.33238653588e-06
0.607043862343 5.33238653588e-06
0.610691845417 5.33238653588e-06
0.614361763 5.33238653588e-06
0.618053734303 5.33238653588e-06
0.621767878532 5.33238653588e-06
0.625504374504 5.33238653588e-06
0.629263341427 5.33238653588e-06
0.633044838905 5.33238653588e-06
0.636849105358 5.33238653588e-06
0.64067620039 5.33238653588e-06
0.644526302814 5.33238653588e-06
0.648399591446 5.33238653588e-06
0.652296066284 5.33238653588e-06
0.656216025352 5.33238653588e-06
0.660159528255 5.33238653588e-06
0.664126753807 5.33238653588e-06
0.668117761612 5.33238653588e-06
0.672132790089 5.33238653588e-06
0.676171958447 5.33238653588e-06
0.68023532629 5.33238653588e-06
0.684323191643 5.33238653588e-06
0.688435614109 5.33238653588e-06
0.692572712898 5.33238653588e-06
0.696734666824 5.33238653588e-06
0.700921714306 5.33238653588e-06
0.705133855343 5.33238653588e-06
0.709371328354 5.33238653588e-06
0.713634252548 5.9939543462e-06
0.71792280674 5.9939543462e-06
0.722237110138 5.9939543462e-06
0.726577341557 5.9939543462e-06
0.73094367981 5.9939543462e-06
0.735336244106 6.73760041536e-06
0.739755213261 8.51312233863e-06
0.744200766087 6.73760041536e-06
0.748672962189 6.73760041536e-06
0.75317209959 7.57350744607e-06
0.757698237896 7.57350744607e-06
0.762251615524 8.51312233863e-06
0.76683229208 1.35911477628e-05
0.794900476933 5.9939543462e-06
0.799677371979 5.9939543462e-06
0.804482996464 5.33238653588e-06
0.809317529202 5.33238653588e-06
0.814181089401 5.33238653588e-06
0.819073855877 5.33238653588e-06
0.823996007442 4.7438375077e-06
0.828947782516 4.7438375077e-06
0.833929300308 4.7438375077e-06
0.838940739632 4.7438375077e-06
0.843982338905 4.7438375077e-06
0.849054217339 4.7438375077e-06
0.854156553745 4.7438375077e-06
0.859289586544 4.7438375077e-06
0.864453434944 4.2202482291e-06
0.869648337364 4.2202482291e-06
0.874874413013 4.2202482291e-06
0.880131900311 4.2202482291e-06
0.885421037674 4.2202482291e-06
0.890741944313 4.2202482291e-06
0.896094799042 4.2202482291e-06
0.901479840279 4.2202482291e-06
0.906897246838 4.2202482291e-06
0.912347197533 4.2202482291e-06
0.917829871178 4.2202482291e-06
0.923345565796 4.2202482291e-06
0.928894340992 4.2202482291e-06
0.934476494789 4.2202482291e-06
0.940092146397 3.7544486986e-06
0.945741593838 3.7544486986e-06
0.951425015926 3.7544486986e-06
0.957142531872 3.7544486986e-06
0.962894439697 3.7544486986e-06
0.968680918217 3.7544486986e-06
0.974502146244 3.7544486986e-06
0.980358362198 3.7544486986e-06
0.986249744892 3.7544486986e-06
0.99217659235 3.7544486986e-06
0.998139023781 3.7544486986e-06
1.0041372776 3.7544486986e-06
1.01017165184 4.2202482291e-06
1.02849304676 4.2202482291e-06
1.0346736908 3.7544486986e-06
1.04089152813 3.7544486986e-06
1.04714667797 3.7544486986e-06
1.05343949795 3.7544486986e-06
1.05976998806 3.7544486986e-06
1.06613862514 3.7544486986e-06
1.07254552841 3.7544486986e-06
1.07899093628 3.7544486986e-06
1.08547508717 3.7544486986e-06
1.09199821949 3.34006085723e-06
1.09856057167 3.34006085723e-06
1.10516226292 3.34006085723e-06
1.11180365086 3.7544486986e-06
1.11848497391 3.34006085723e-06
1.12520647049 3.34006085723e-06
1.13196837902 3.34006085723e-06
1.13877093792 3.34006085723e-06
1.1456142664 3.34006085723e-06
1.15249884129 3.34006085723e-06
1.15942466259 3.34006085723e-06
1.16639220715 3.34006085723e-06
1.17340159416 3.34006085723e-06
1.18045306206 3.34006085723e-06
1.18754696846 3.34006085723e-06
1.19468343258 3.34006085723e-06
1.20186281204 3.34006085723e-06
1.20908534527 3.34006085723e-06
1.21635127068 3.34006085723e-06
1.22366082668 3.34006085723e-06
1.23101437092 3.34006085723e-06
1.2384121418 3.34006085723e-06
1.24585425854 3.34006085723e-06
1.25334119797 3.34006085723e-06
1.2608730793 3.34006085723e-06
1.26845026016 3.34006085723e-06
1.27607297897 3.34006085723e-06
1.28374147415 3.34006085723e-06
1.29145598412 3.34006085723e-06
1.2992169857 3.34006085723e-06
1.30702447891 3.34006085723e-06
1.31487905979 3.34006085723e-06
1.32278072834 3.34006085723e-06
1.3307299614 3.34006085723e-06
1.33872687817 3.34006085723e-06
1.34677183628 3.34006085723e-06
1.35486519337 2.97140991279e-06
1.36300718784 3.34006085723e-06
1.37119817734 2.97140991279e-06
1.37943828106 3.34006085723e-06
1.38772797585 2.97140991279e-06
1.39606738091 2.97140991279e-06
1.40445697308 2.97140991279e-06
1.41289699078 2.97140991279e-06
1.42138779163 2.97140991279e-06
1.42992949486 2.97140991279e-06
1.43852257729 2.97140991279e-06
1.44716739655 2.97140991279e-06
1.45586407185 2.97140991279e-06
1.46461296082 2.97140991279e-06
1.47341454029 2.97140991279e-06
1.48226892948 2.97140991279e-06
1.49117648602 2.97140991279e-06
1.50013768673 2.97140991279e-06
1.50915265083 2.97140991279e-06
1.51822185516 2.97140991279e-06
1.52734553814 2.97140991279e-06
1.53652405739 2.97140991279e-06
1.54575765133 2.97140991279e-06
1.5550467968 2.97140991279e-06
1.56439185143 2.97140991279e-06
1.57379293442 2.97140991279e-06
1.58325052261 2.97140991279e-06
1.59276509285 2.97140991279e-06
1.60233664513 2.97140991279e-06
1.6119658947 2.97140991279e-06
1.62165284157 2.97140991279e-06
1.63139808178 2.97140991279e-06
1.64120197296 2.97140991279e-06
1.65106463432 2.97140991279e-06
1.66098666191 2.97140991279e-06
1.67096829414 2.97140991279e-06
1.68100988865 2.97140991279e-06
1.69111180305 2.97140991279e-06
1.70127439499 2.64344794232e-06
1.71149814129 2.64344794232e-06
1.72178328037 2.64344794232e-06
1.73213028908 2.64344794232e-06
1.74253940582 2.64344794232e-06
1.75301110744 2.64344794232e-06
1.76354575157 2.64344794232e-06
1.77414369583 2.64344794232e-06
1.78480529785 2.64344794232e-06
1.79553103447 2.64344794232e-06
1.8063211441 2.64344794232e-06
1.8171762228 2.64344794232e-06
1.82809638977 2.64344794232e-06
1.83908224106 2.64344794232e-06
1.85013413429 2.64344794232e-06
1.8612524271 2.64344794232e-06
1.87243747711 2.64344794232e-06
1.88368988037 2.64344794232e-06
1.89500975609 2.64344794232e-06
1.90639770031 2.64344794232e-06
1.91785418987 2.64344794232e-06
1.92937934399 2.64344794232e-06
1.94097387791 2.35168386098e-06
1.95263803005 2.35168386098e-06
1.96437239647 2.64344794232e-06
1.97617721558 2.64344794232e-06
1.988052845 2.35168386098e-06
