0.10000000149 1.35911477628e-05
0.100600942969 1.35911477628e-05
0.10120549798 1.35911477628e-05
0.101813688874 1.35911477628e-05
0.102425538003 1.35911477628e-05
0.103041052818 1.35911477628e-05
0.103660278022 1.35911477628e-05
0.104283213615 1.35911477628e-05
0.104909904301 1.35911477628e-05
0.10554035008 1.35911477628e-05
0.106174588203 1.35911477628e-05
0.106812641025 1.35911477628e-05
0.107454530895 1.35911477628e-05
0.108100272715 1.35911477628e-05
0.108749896288 1.35911477628e-05
0.109403423965 1.35911477628e-05
0.110060878098 1.35911477628e-05
0.110722281039 1.35911477628e-05
0.11138766259 1.35911477628e-05
0.112057037652 1.35911477628e-05
0.112730436027 1.35911477628e-05
0.113407887518 1.35911477628e-05
0.114089407027 1.35911477628e-05
0.114775024354 1.35911477628e-05
0.115464754403 1.35911477628e-05
0.116158634424 1.35911477628e-05
0.116856686771 1.35911477628e-05
0.117558926344 1.35911477628e-05
0.118265390396 1.35911477628e-05
0.118976101279 1.35911477628e-05
0.119691081345 1.35911477628e-05
0.120410360396 1.35911477628e-05
0.121133960783 1.35911477628e-05
0.12186191231 1.35911477628e-05
0.122594229877 1.35911477628e-05
0.123330958188 1.20910581245e-05
0.124072104692 1.20910581245e-05
0.124817714095 1.20910581245e-05
0.125567793846 1.20910581245e-05
0.126322388649 1.20910581245e-05
0.127081513405 1.20910581245e-05
0.127845212817 1.20910581245e-05
0.128613486886 1.20910581245e-05
0.129386380315 1.20910581245e-05
0.130163922906 1.20910581245e-05
0.130946144462 1.20910581245e-05
0.131733059883 1.20910581245e-05
0.132524698973 1.20910581245e-05
0.133321091533 1.20910581245e-05
0.134122282267 1.20910581245e-05
0.134928286076 1.20910581245e-05
0.135739132762 1.20910581245e-05
0.136554852128 1.20910581245e-05
0.137375459075 1.20910581245e-05
0.138201013207 1.20910581245e-05
0.139031529427 1.20910581245e-05
0.139867037535 1.20910581245e-05
0.140707552433 1.20910581245e-05
0.141553133726 1.20910581245e-05
0.142403781414 1.20910581245e-05
0.143259555101 1.20910581245e-05
0.144120469689 1.20910581245e-05
0.14498655498 1.20910581245e-05
0.145857840776 1.20910581245e-05
0.146734371781 1.20910581245e-05
0.147616162896 1.20910581245e-05
0.148503243923 1.20910581245e-05
0.149395674467 1.07565374492e-05
0.150293454528 1.07565374492e-05
0.15119664371 1.07565374492e-05
0.152105242014 1.07565374492e-05
0.153019323945 1.07565374492e-05
0.153938874602 1.07565374492e-05
0.154863968492 1.07565374492e-05
0.155794620514 1.07565374492e-05
0.156730860472 1.07565374492e-05
0.157672718167 1.07565374492e-05
0.158620253205 1.07565374492e-05
0.159573465586 1.07565374492e-05
0.160532414913 1.07565374492e-05
0.16149713099 1.07565374492e-05
0.162467628717 1.07565374492e-05
0.163443982601 1.07565374492e-05
0.16442617774 1.07565374492e-05
0.16541428864 1.07565374492e-05
0.166408345103 1.07565374492e-05
0.167408362031 1.07565374492e-05
0.168414399028 1.07565374492e-05
0.169426470995 1.07565374492e-05
0.170444637537 1.07565374492e-05
0.171468913555 1.07565374492e-05
0.172499343753 1.07565374492e-05
0.173535972834 1.07565374492e-05
0.1745788306 1.07565374492e-05
0.175627946854 1.07565374492e-05
0.1766833812 1.07565374492e-05
0.17774514854 9.56931125984e-06
0.178813293576 9.56931125984e-06
0.179887875915 9.56931125984e-06
0.180968895555 9.56931125984e-06
0.182056427002 9.56931125984e-06
0.183150485158 9.56931125984e-06
0.184251114726 9.56931125984e-06
0.18535836041 9.56931125984e-06
0.186472266912 9.56931125984e-06
0.187592864037 9.56931125984e-06
0.188720181584 9.56931125984e-06
0.189854294062 9.56931125984e-06
0.19099521637 9.56931125984e-06
0.192142993212 9.56931125984e-06
0.19329765439 9.56931125984e-06
0.194459274411 9.56931125984e-06
0.195627868176 9.56931125984e-06
0.196803480387 9.56931125984e-06
0.197986155748 9.56931125984e-06
0.199175953865 9.56931125984e-06
0.200372889638 9.56931125984e-06
0.201577022672 9.56931125984e-06
0.202788382769 9.56931125984e-06
0.204007029533 9.56931125984e-06
0.205233007669 9.56931125984e-06
0.206466346979 9.56931125984e-06
0.207707092166 9.56931125984e-06
0.208955287933 9.56931125984e-06
0.210210993886 9.56931125984e-06
0.211474254727 9.56931125984e-06
0.21274510026 9.56931125984e-06
0.214023575187 9.56931125984e-06
0.215309739113 9.56931125984e-06
0.216603636742 9.56931125984e-06
0.217905297875 9.56931125984e-06
0.21921479702 9.56931125984e-06
0.220532149076 9.56931125984e-06
0.221857428551 8.51312233863e-06
0.223190665245 9.56931125984e-06
0.224531918764 6.73760041536e-06
0.225881233811 6.73760041536e-06
0.22723865509 6.73760041536e-06
0.228604242206 5.9939543462e-06
0.22997802496 5.9939543462e-06
0.231360062957 5.9939543462e-06
0.232750415802 5.9939543462e-06
0.234149113297 5.9939543462e-06
0.235556215048 5.9939543462e-06
0.236971780658 5.9939543462e-06
0.238395854831 5.9939543462e-06
0.23982848227 5.9939543462e-06
0.241269722581 5.9939543462e-06
0.242719620466 5.9939543462e-06
0.244178235531 5.9939543462e-06
0.245645612478 5.9939543462e-06
0.247121796012 5.9939543462e-06
0.248606860638 5.33238653588e-06
0.250100851059 5.33238653588e-06
0.251603811979 5.33238653588e-06
0.253115832806 5.33238653588e-06
0.254636913538 5.33238653588e-06
0.256167143583 5.33238653588e-06
0.257706552744 5.33238653588e-06
0.259255230427 5.33238653588e-06
0.260813206434 5.33238653588e-06
0.262380570173 5.33238653588e-06
0.263957321644 5.33238653588e-06
0.265543550253 5.33238653588e-06
0.267139345407 5.33238653588e-06
0.268744707108 5.33238653588e-06
0.270359694958 5.33238653588e-06
0.271984428167 5.33238653588e-06
0.273618876934 4.7438375077e-06
0.275263190269 4.7438375077e-06
0.276917368174 4.7438375077e-06
0.278581500053 4.7438375077e-06
0.280255615711 4.7438375077e-06
0.281939804554 4.7438375077e-06
0.283634096384 4.7438375077e-06
0.285338580608 4.7438375077e-06
0.287053316832 4.7438375077e-06
0.288778334856 4.7438375077e-06
0.290513753891 4.7438375077e-06
0.292259573936 4.7438375077e-06
0.294015884399 4.7438375077e-06
0.295782774687 4.7438375077e-06
0.297560244799 4.7438375077e-06
0.299348413944 4.7438375077e-06
0.301147341728 4.7438375077e-06
0.302957087755 4.7438375077e-06
0.304777681828 4.7438375077e-06
0.306609213352 4.7438375077e-06
0.308451771736 4.7438375077e-06
0.310305416584 4.7438375077e-06
0.312170177698 4.7438375077e-06
0.314046144485 4.7438375077e-06
0.315933376551 4.7438375077e-06
0.317831963301 4.7438375077e-06
0.31974196434 4.7438375077e-06
0.321663439274 4.7438375077e-06
0.323596447706 4.2202482291e-06
0.325541079044 4.2202482291e-06
0.327497422695 4.2202482291e-06
0.329465508461 4.2202482291e-06
0.331445395947 4.2202482291e-06
0.333437204361 4.2202482291e-06
0.335440993309 4.2202482291e-06
0.337456792593 4.2202482291e-06
0.339484721422 4.2202482291e-06
0.341524839401 4.2202482291e-06
0.343577206135 4.2202482291e-06
0.345641940832 4.2202482291e-06
0.347719043493 4.2202482291e-06
0.349808633327 4.2202482291e-06
0.351910799742 4.2202482291e-06
0.354025602341 4.2202482291e-06
0.356153100729 4.2202482291e-06
0.358293384314 4.2202482291e-06
0.360446512699 4.2202482291e-06
0.362612605095 4.2202482291e-06
0.364791721106 4.2202482291e-06
0.366983920336 4.2202482291e-06
0.36918926239 4.2202482291e-06
0.37140789628 4.2202482291e-06
0.373639851809 3.7544486986e-06
0.375885218382 3.7544486986e-06
0.378144085407 3.7544486986e-06
0.380416542292 3.7544486986e-06
0.382702618837 3.7544486986e-06
0.385002464056 3.7544486986e-06
0.38731610775 3.7544486986e-06
0.389643669128 3.7544486986e-06
0.391985207796 3.7544486986e-06
0.39434081316 3.7544486986e-06
0.396710604429 3.7544486986e-06
0.399094611406 3.7544486986e-06
0.4014929533 3.7544486986e-06
0.403905689716 3.7544486986e-06
0.406332939863 3.7544486986e-06
0.408774793148 3.7544486986e-06
0.411231309175 3.7544486986e-06
0.413702577353 3.7544486986e-06
0.416188687086 3.7544486986e-06
0.418689757586 3.7544486986e-06
0.421205848455 3.7544486986e-06
0.423737078905 3.7544486986e-06
0.426283508539 3.7544486986e-06
0.428845226765 3.7544486986e-06
0.431422352791 3.7544486986e-06
0.434014946222 3.7544486986e-06
0.436623156071 3.7544486986e-06
0.439247012138 3.7544486986e-06
0.441886633635 3.7544486986e-06
0.444542139769 3.34006085723e-06
0.447213590145 3.34006085723e-06
0.449901103973 3.34006085723e-06
0.45260477066 3.34006085723e-06
0.455324679613 3.34006085723e-06
0.458060920238 3.34006085723e-06
0.460813611746 3.34006085723e-06
0.463582843542 3.34006085723e-06
0.466368734837 3.34006085723e-06
0.469171345234 3.34006085723e-06
0.471990793943 3.34006085723e-06
0.474827200174 3.34006085723e-06
0.477680653334 3.34006085723e-06
0.480551242828 3.34006085723e-06
0.48343911767 3.34006085723e-06
0.486344307661 3.34006085723e-06
0.489266961813 3.34006085723e-06
0.492207199335 3.34006085723e-06
0.495165079832 3.34006085723e-06
0.498140752316 3.34006085723e-06
0.501134335995 3.34006085723e-06
0.504145860672 3.34006085723e-06
0.507175505161 3.34006085723e-06
0.510223329067 3.34006085723e-06
0.513289511204 3.34006085723e-06
0.516374111176 3.34006085723e-06
0.519477188587 3.34006085723e-06
0.522598981857 3.34006085723e-06
0.525739490986 3.34006085723e-06
0.528898894787 3.34006085723e-06
0.532077312469 3.34006085723e-06
0.535274803638 2.97140991279e-06
0.538491487503 2.97140991279e-06
0.541727542877 2.97140991279e-06
0.544983029366 2.97140991279e-06
0.548258066177 2.97140991279e-06
0.551552832127 2.97140991279e-06
0.554867327213 2.97140991279e-06
0.558201789856 2.97140991279e-06
0.561556279659 2.97140991279e-06
0.564930915833 2.97140991279e-06
0.568325817585 2.97140991279e-06
0.571741163731 2.97140991279e-06
0.575177013874 2.97140991279e-06
0.578633487225 2.97140991279e-06
0.582110762596 2.97140991279e-06
0.585608959198 2.97140991279e-06
0.589128136635 2.97140991279e-06
0.592668473721 2.97140991279e-06
0.596230089664 2.97140991279e-06
0.599813103676 2.97140991279e-06
0.603417634964 2.97140991279e-06
0.607043862343 2.97140991279e-06
0.610691845417 2.97140991279e-06
0.614361763 2.97140991279e-06
0.618053734303 2.97140991279e-06
0.621767878532 2.97140991279e-06
0.625504374504 2.97140991279e-06
0.629263341427 2.97140991279e-06
0.633044838905 2.97140991279e-06
0.636849105358 2.97140991279e-06
0.64067620039 2.97140991279e-06
0.644526302814 2.97140991279e-06
0.648399591446 2.97140991279e-06
0.652296066284 2.97140991279e-06
0.656216025352 2.97140991279e-06
0.660159528255 2.64344794232e-06
0.664126753807 2.97140991279e-06
0.668117761612 2.64344794232e-06
0.672132790089 2.64344794232e-06
0.676171958447 2.64344794232e-06
0.68023532629 2.97140991279e-06
0.684323191643 2.64344794232e-06
0.688435614109 2.64344794232e-06
0.692572712898 2.64344794232e-06
0.696734666824 2.64344794232e-06
0.700921714306 2.64344794232e-06
0.705133855343 2.64344794232e-06
0.709371328354 2.64344794232e-06
0.713634252548 2.64344794232e-06
0.71792280674 2.64344794232e-06
0.722237110138 2.64344794232e-06
0.726577341557 2.64344794232e-06
0.73094367981 2.64344794232e-06
0.735336244106 2.64344794232e-06
0.739755213261 2.97140991279e-06
0.744200766087 2.64344794232e-06
0.748672962189 2.64344794232e-06
0.75317209959 2.64344794232e-06
0.757698237896 2.64344794232e-06
0.762251615524 2.97140991279e-06
0.76683229208 2.64344794232e-06
0.771440565586 2.97140991279e-06
0.776076495647 2.97140991279e-06
0.780740261078 3.34006085723e-06
0.785432100296 2.97140991279e-06
0.790152072906 2.64344794232e-06
0.794900476933 2.64344794232e-06
0.799677371979 2.64344794232e-06
0.804482996464 2.64344794232e-06
0.809317529202 2.64344794232e-06
0.814181089401 2.64344794232e-06
0.819073855877 2.64344794232e-06
0.823996007442 2.64344794232e-06
0.828947782516 2.64344794232e-06
0.833929300308 2.35168386098e-06
0.838940739632 2.35168386098e-06
0.843982338905 2.35168386098e-06
0.849054217339 2.35168386098e-06
0.854156553745 2.35168386098e-06
0.859289586544 2.35168386098e-06
0.864453434944 2.35168386098e-06
0.869648337364 2.35168386098e-06
0.874874413013 2.35168386098e-06
0.880131900311 2.35168386098e-06
0.885421037674 2.35168386098e-06
0.890741944313 2.35168386098e-06
0.896094799042 2.35168386098e-06
0.901479840279 2.35168386098e-06
0.906897246838 2.35168386098e-06
0.912347197533 2.35168386098e-06
0.917829871178 2.35168386098e-06
0.923345565796 2.35168386098e-06
0.928894340992 2.35168386098e-06
0.934476494789 2.35168386098e-06
0.940092146397 2.35168386098e-06
0.945741593838 2.35168386098e-06
0.951425015926 2.35168386098e-06
0.957142531872 2.35168386098e-06
0.962894439697 2.09212248592e-06
0.968680918217 2.09212248592e-06
0.974502146244 2.09212248592e-06
0.980358362198 2.09212248592e-06
0.986249744892 2.09212248592e-06
0.99217659235 2.09212248592e-06
0.998139023781 2.09212248592e-06
1.0041372776 2.09212248592e-06
1.01017165184 2.09212248592e-06
1.01624214649 2.35168386098e-06
1.0223492384 2.35168386098e-06
1.02849304676 2.09212248592e-06
1.0346736908 2.09212248592e-06
1.04089152813 2.09212248592e-06
1.04714667797 2.09212248592e-06
1.05343949795 2.09212248592e-06
1.05976998806 2.09212248592e-06
1.06613862514 2.09212248592e-06
1.07254552841 2.09212248592e-06
1.07899093628 2.09212248592e-06
1.08547508717 2.09212248592e-06
1.09199821949 2.09212248592e-06
1.09856057167 2.09212248592e-06
1.10516226292 2.09212248592e-06
1.11180365086 2.09212248592e-06
1.11848497391 2.09212248592e-06
1.12520647049 2.09212248592e-06
1.13196837902 2.09212248592e-06
1.13877093792 1.86120973922e-06
1.1456142664 1.86120973922e-06
1.15249884129 1.86120973922e-06
1.15942466259 1.86120973922e-06
1.16639220715 1.86120973922e-06
1.17340159416 1.86120973922e-06
1.18045306206 1.86120973922e-06
1.18754696846 1.86120973922e-06
1.19468343258 1.86120973922e-06
1.20186281204 1.86120973922e-06
1.20908534527 1.86120973922e-06
1.21635127068 1.86120973922e-06
1.22366082668 1.86120973922e-06
1.23101437092 1.86120973922e-06
1.2384121418 1.86120973922e-06
1.24585425854 1.86120973922e-06
1.25334119797 1.86120973922e-06
1.2608730793 1.86120973922e-06
1.26845026016 1.86120973922e-06
1.27607297897 1.86120973922e-06
1.28374147415 1.86120973922e-06
1.29145598412 1.86120973922e-06
1.2992169857 1.86120973922e-06
1.30702447891 1.86120973922e-06
1.31487905979 1.86120973922e-06
1.32278072834 1.86120973922e-06
1.3307299614 1.86120973922e-06
1.33872687817 1.86120973922e-06
1.34677183628 1.86120973922e-06
1.35486519337 1.86120973922e-06
1.36300718784 1.86120973922e-06
1.37119817734 1.86120973922e-06
1.37943828106 1.86120973922e-06
1.38772797585 1.6557833078e-06
1.39606738091 1.86120973922e-06
1.40445697308 1.6557833078e-06
1.41289699078 1.86120973922e-06
1.42138779163 1.6557833078e-06
1.42992949486 1.6557833078e-06
1.43852257729 1.6557833078e-06
1.44716739655 1.6557833078e-06
1.45586407185 1.6557833078e-06
1.46461296082 1.6557833078e-06
1.47341454029 1.6557833078e-06
1.48226892948 1.6557833078e-06
1.49117648602 1.6557833078e-06
1.50013768673 1.6557833078e-06
1.50915265083 1.6557833078e-06
1.51822185516 1.6557833078e-06
1.52734553814 1.6557833078e-06
1.53652405739 1.6557833078e-06
1.54575765133 1.6557833078e-06
1.5550467968 1.6557833078e-06
1.56439185143 1.6557833078e-06
1.57379293442 1.6557833078e-06
1.58325052261 1.6557833078e-06
1.59276509285 1.6557833078e-06
1.60233664513 1.6557833078e-06
1.6119658947 1.6557833078e-06
1.62165284157 1.6557833078e-06
1.63139808178 1.6557833078e-06
1.64120197296 1.6557833078e-06
1.65106463432 1.6557833078e-06
1.66098666191 1.6557833078e-06
1.67096829414 1.6557833078e-06
1.68100988865 1.6557833078e-06
1.69111180305 1.47303035192e-06
1.70127439499 1.47303035192e-06
1.71149814129 1.47303035192e-06
1.72178328037 1.47303035192e-06
1.73213028908 1.47303035192e-06
1.74253940582 1.47303035192e-06
1.75301110744 1.47303035192e-06
1.76354575157 1.47303035192e-06
1.77414369583 1.47303035192e-06
1.78480529785 1.47303035192e-06
1.79553103447 1.47303035192e-06
1.8063211441 1.47303035192e-06
1.8171762228 1.47303035192e-06
1.82809638977 1.47303035192e-06
1.83908224106 1.47303035192e-06
1.85013413429 1.47303035192e-06
1.8612524271 1.47303035192e-06
1.87243747711 1.47303035192e-06
1.88368988037 1.47303035192e-06
1.89500975609 1.47303035192e-06
1.90639770031 1.47303035192e-06
1.91785418987 1.47303035192e-06
1.92937934399 1.47303035192e-06
1.94097387791 1.47303035192e-06
1.95263803005 1.47303035192e-06
1.96437239647 1.47303035192e-06
1.97617721558 1.47303035192e-06
1.988052845 1.31044828322e-06
